0 6148 25600
6148 6186 25600
12334 28580 12800
40914 4286 22000
45200 4286 22000
49486 43376 20000
92862 7884 26600
100746 7884 26600
108630 32602 16000
141232 19486 22050
160718 28448 15000
189166 4086 14364
193252 4086 14364
197338 4086 14364
201424 5992 18569
207416 4368 24000
211784 2276 8000
214060 3998 23000
218058 4328 23000
222386 21112 8000
243498 26824 8000
270322 9816 26000
280138 9816 26000
289954 80834 19200
370788 4924 17600
375712 4916 17600
380628 12630 24000
393258 12630 24000
405888 25424 28000
431312 2276 26400
433588 1502 8000
435090 17388 23000
452478 8550 23000
461028 8816 24000
469844 2980 22050
472824 6366 10000
479190 7492 22050
486682 8898 22050
495580 7774 22050
503354 7712 22050
511066 6824 22050
517890 9328 22050
527218 11506 22050
538724 11744 22050
550468 1246 18000
551714 21264 18000
572978 5440 22050
578418 4762 24000
583180 3314 22050
586494 2130 8000
588624 3178 16000
591802 10676 24600
602478 7868 28000
610346 1416 8000
611762 17546 23000
629308 2072 19700
631380 7406 18000
638786 12396 18000
651182 404 16500
651586 12256 22050
663842 14976 22050
678818 8792 22050
687610 12608 22050
700218 62472 21600
762690 39288 16600
801978 17926 16000
819904 4182 23000
824086 4102 18000
828188 24790 22050
852978 13678 21000
866656 8640 22400
875296 3422 17600
878718 14654 22000
893372 5394 26000
898766 5152 8000
903918 11284 18000
915202 2604 44100
917806 5648 44100
923454 9218 22050
932672 8704 22050
941376 9078 22050
950454 17368 21000
967822 10322 22050
978144 12254 32000
990398 5950 22400
996348 5584 24000
1001932 6198 18000
1008130 10256 21000
1018386 3516 17800
