120
412
120
412
1120
205
100
355
100
355
1080
320
150
427
150
427
1020
256
440
353
950
240
140
232
140
232
140
232
160
299
90
387
140
130
90
372
90
371
1320
128
1680
128
190
417
190
417
2110
307
140
284
140
284
260
385
260
385
450
448
40
430
90
131
380
368
190
369
180
385
70
358
320
161
170
354
200
354
180
354
170
354
150
355
210
354
260
354
270
354
30
298
590
288
120
355
100
387
80
357
130
130
100
259
220
395
140
450
90
131
380
368
50
321
210
289
340
289
10
292
280
354
340
353
200
354
290
354
1450
345
1180
265
560
256
90
371
110
291
560
353
330
337
190
360
100
285
330
353
100
419
320
129
310
289
30
717
60
711
210
354
200
354
210
354
410
336
230
354
190
513
130
361
120
387
170
290
240
337
100
288
